1.87078 -0.02447 0.40373 1.08529 1.47545 0.99199 1.00214 1.4168 -0.71913 -0.67834 -0.42776 -1.16171 -1.81615 0.80492 0.13315 -0.7703
1.10497 0.16783 -1.52311 -0.1331 1.43444 0.25606 -0.02358 1.69186 1.41493 0.60094 1.28513 0.99441 -1.9138 -1.5689 0.66295 0.68432
0.99875 -0.4082 0.98565 1.71022 1.40121 1.05844 1.22012 0.87572 -0.9792 -1.23814 0.38682 -0.67274 -0.84164 0.84912 0.26343 -1.0373
-1.07414 1.39188 -0.92483 0.55216 1.16107 0.95784 1.74025 -1.6065 -0.40242 -0.96163 1.7605 0.12221 0.16918 -1.02161 1.30859 -0.13303
-0.21305 0.00618 0.1231 0.29186 0.15887 -0.31647 -0.06984 -0.11491 0.09664 -0.97601 -0.08275 -0.48313 -0.02145 -0.20822 0.39388 0.51403
-0.63847 1.67058 0.51771 -1.58659 -1.79822 -1.19472 -2.01491 -1.4511 -1.94262 1.28737 -0.87726 -0.39335 2.10564 -0.08383 -1.60735 -1.68974
0.52568 -0.07329 -1.08389 1.43324 0.94377 0.93002 -0.04341 1.38096 0.61951 0.78292 0.70742 0.78372 -1.59522 -0.54973 0.79892 1.24107
-0.69443 -0.31729 -0.03999 -0.05783 -0.76297 -0.25512 0.82933 -0.27524 0.58261 -2.34496 1.4222 1.22915 1.47383 0.80959 0.25749 0.5839
-1.7403 0.67154 -1.61955 0.28923 0.49078 0.53439 0.69692 -0.20644 1.73385 -0.20751 0.13389 0.69626 0.95709 -0.98576 0.94298 1.23027
1.26854 -0.68939 1.28094 2.06087 1.18261 2.00295 -0.12058 1.49071 -0.79186 -0.60415 0.29551 -1.13425 -1.53765 0.47147 0.09469 -0.81315
1.07384 -0.87421 0.76903 1.45737 1.44649 1.15291 -0.5919 1.68059 0.78131 -0.62373 -0.8777 -0.93973 -3.99017 1.25846 0.2547 0.76797
0.4618 1.24114 -0.3017 -0.99054 -0.57409 -1.07992 -1.44918 0.70947 0.6473 1.48051 -0.47852 -0.38307 -1.27426 -0.30129 -0.29853 0.59936
0.82991 0.8016 -2.18282 -2.09818 -0.77667 -1.17475 1.25684 0.99319 1.25789 0.11465 0.99941 0.40038 -0.15103 -0.77513 1.77383 1.28044
0.38456 -0.51697 1.42857 1.05706 0.52788 0.21028 0.63997 -0.67688 -0.52577 -2.13347 0.46884 0.91868 1.14271 1.09763 -0.26169 -0.34142
0.78272 -1.06928 0.91416 1.17466 0.95253 1.91774 -0.31262 2.10997 -0.42548 -1.55917 -1.11765 -0.75396 0.00426 1.3653 -0.73187 -0.8104
-0.36069 -0.62768 -0.07961 1.639 1.60275 1.78796 1.94959 -0.45803 0.07515 -1.27057 1.25439 -0.18954 -0.40333 0.494 1.5841 -0.57504
0.2594 0.75932 0.61948 -0.58487 -0.59539 -0.56999 -0.72906 -0.22072 -0.8892 0.81838 -0.62151 -0.14466 0.7086 -0.04423 -0.81796 -0.68302
