0.10714 0.02996 1
0.13132 0.0254 1
0.14726 0.05224 1
0.16921 0.05761 1
0.17342 0.1021 1
0.15905 0.15737 1
0.17417 0.17408 1
0.21006 0.16764 1
0.12276 0.26412 1
0.04882 0.30993 1
0.09475 0.32262 1
-0.0607 0.35358 1
-0.03845 0.37931 1
-0.05134 0.40047 1
-0.1446 0.40097 1
-0.28539 0.34631 1
-0.3139 0.35148 1
-0.33634 0.36147 1
-0.4413 0.2679 1
-0.49868 0.20388 1
-0.55219 0.10045 1
-0.57595 0.09514 1
-0.6045 0.04604 1
-0.62462 -0.07191 1
-0.64819 -0.06311 1
-0.58842 -0.32818 1
-0.62036 -0.31609 1
-0.52564 -0.49021 1
-0.56871 -0.47542 1
-0.55309 -0.52669 1
-0.38212 -0.68715 1
-0.22121 -0.77791 1
-0.16186 -0.81534 1
-0.01528 -0.85361 1
0.00637 -0.87623 1
0.21149 -0.87351 1
0.25961 -0.88392 1
0.41081 -0.84964 1
0.56897 -0.78097 1
0.748 -0.64662 1
-0.06533 0.09005 2
-0.09681 0.09228 2
-0.10873 0.11221 2
-0.15845 0.08273 2
-0.18573 0.0775 2
-0.21786 0.051 2
-0.23816 0.06259 2
-0.26774 0.02322 2
-0.29104 -0.01108 2
-0.29096 -0.11738 2
-0.28887 -0.17211 2
-0.30878 -0.18264 2
-0.30098 -0.23402 2
-0.29225 -0.27858 2
-0.21984 -0.36519 2
-0.16943 -0.41554 2
-0.24072 -0.40513 2
-0.17229 -0.46272 2
-0.0152 -0.51603 2
0.01387 -0.53857 2
0.11717 -0.54888 2
0.19452 -0.55039 2
0.27729 -0.53912 2
0.35297 -0.52033 2
0.51708 -0.39592 2
0.57188 -0.35623 2
0.59582 -0.36023 2
0.65662 -0.29233 2
0.71232 -0.20508 2
0.7598 -0.07758 2
0.78619 0.00993 2
0.77006 0.24717 2
0.82617 0.0918 2
0.76624 0.37652 2
0.70943 0.51432 2
0.62664 0.64427 2
0.52115 0.75968 2
0.53322 0.77868 2
0.35556 0.89845 2
0.29796 0.94279 2
-0.04475 -0.10185 3
-0.06364 -0.11764 3
-0.02842 -0.15364 3
0.0211 -0.1775 3
0.03018 -0.19897 3
0.02107 -0.22276 3
0.09873 -0.22559 3
0.12951 -0.23549 3
0.17299 -0.23431 3
0.19414 -0.24648 3
0.25816 -0.21545 3
0.28249 -0.22114 3
0.32158 -0.20479 3
0.39175 -0.09769 3
0.42617 -0.00821 3
0.44826 -0.02097 3
0.46708 0.06254 3
0.45671 0.18764 3
0.42265 0.29644 3
0.44041 0.3103 3
0.48813 0.277 3
0.33696 0.47668 3
0.30782 0.52229 3
0.23789 0.58201 3
0.2043 0.61838 3
0.15022 0.65679 3
0.01644 0.69606 3
-0.10327 0.71129 3
-0.22293 0.70693 3
-0.292 0.70573 3
-0.42878 0.65904 3
-0.53351 0.60782 3
-0.66967 0.49246 3
-0.71616 0.46476 3
-0.71307 0.50926 3
-0.82408 0.35866 3
-0.89439 0.22082 3
-0.90402 0.27093 3
-0.9558 -0.1417 3
-0.96093 -0.23288 3
