3.03633 0.50412 1.36487 0.7303 -1.94767 2.57226 2.92415 1.71578 3.37986 2.44431 1.05683 2.53601 1.75631 2.67995 -3.02016 -0.69209
-1.1171 -0.48014 -0.02046 -1.18682 0.69099 0.19324 0.70669 0.53392 -0.62612 1.02866 1.90304 1.32349 -0.21882 -0.38699 0.79106 -0.82602
0.08637 0.35069 -1.10011 0.0 0.0 0.0 0.0 0.0 0.0 0.0 0.0 0.0 0.0 0.0 0.0 0.0
0.30689 1.65289 -0.28412 -0.73491 -0.57283 -0.50874 -3.8763 -0.45371 -1.29244 0.07552 3.36504 2.17515 3.02223 -0.04653 0.92818 -1.34835
-0.02424 -0.05967 0.11017 -0.93665 -0.2369 0.66252 1.97819 -2.31411 -0.14379 0.12923 -0.32292 -0.36079 -0.48586 0.04218 1.839 0.60587
1.38874 -1.36973 -0.67297 0.0 0.0 0.0 0.0 0.0 0.0 0.0 0.0 0.0 0.0 0.0 0.0 0.0
0.0 0.0 0.0 0.0 0.0 0.0 0.0 0.0 0.0 0.0 0.0 0.0 0.0 0.0 0.0 0.0
0.99473 -1.20589 0.2506 -0.02069 0.61765 -0.65492 0.86886 -0.30238 0.86057 -0.80827 1.65666 0.06769 -1.44676 -1.05136 -1.54981 1.04151
1.1724 -0.93581 0.33813 0.0 0.0 0.0 0.0 0.0 0.0 0.0 0.0 0.0 0.0 0.0 0.0 0.0
0.0 0.0 0.0 0.0 0.0 0.0 0.0 0.0 0.0 0.0 0.0 0.0 0.0 0.0 0.0 0.0
-0.61402 -1.54488 -0.62566 -0.66378 0.73725 -0.44084 0.95151 0.14867 0.95266 -0.04311 1.49011 0.91895 -0.43386 0.25005 -1.02165 0.72779
1.96087 -0.84676 -0.59483 0.0 0.0 0.0 0.0 0.0 0.0 0.0 0.0 0.0 0.0 0.0 0.0 0.0
0.0 0.0 0.0 0.0 0.0 0.0 0.0 0.0 0.0 0.0 0.0 0.0 0.0 0.0 0.0 0.0
1.17038 0.9643 -0.66287 0.13624 0.67797 0.12171 0.41049 1.20739 -1.4218 -1.27699 0.64716 0.73569 0.9842 0.14422 -0.47261 -0.59029
-1.38699 0.2698 0.12151 0.0 0.0 0.0 0.0 0.0 0.0 0.0 0.0 0.0 0.0 0.0 0.0 0.0
0.0 0.0 0.0 0.0 0.0 0.0 0.0 0.0 0.0 0.0 0.0 0.0 0.0 0.0 0.0 0.0
-0.01418 -0.40251 -0.74643 -1.63345 1.33103 0.02199 0.55376 0.45565 -1.88817 0.18702 1.60658 0.4707 0.2312 0.07966 1.31923 -0.84352
0.90332 -0.08864 -0.4988 0.0 0.0 0.0 0.0 0.0 0.0 0.0 0.0 0.0 0.0 0.0 0.0 0.0
0.0 0.0 0.0 0.0 0.0 0.0 0.0 0.0 0.0 0.0 0.0 0.0 0.0 0.0 0.0 0.0
0.87161 -0.19034 -0.49385 -1.54704 1.07704 -0.62598 -1.70204 1.77224 -2.1341 -0.40346 1.21121 0.9561 -0.06163 -0.19193 0.22547 -1.42202
-0.69908 -2.17371 2.60733 0.0 0.0 0.0 0.0 0.0 0.0 0.0 0.0 0.0 0.0 0.0 0.0 0.0
0.0 0.0 0.0 0.0 0.0 0.0 0.0 0.0 0.0 0.0 0.0 0.0 0.0 0.0 0.0 0.0
0.62578 -1.69478 0.30044 0.22038 1.22581 -0.13476 0.17609 -0.30603 1.62159 -1.24088 1.39337 1.22122 -1.65765 -0.10859 -1.7035 0.69936
0.37517 1.49736 -1.21554 0.0 0.0 0.0 0.0 0.0 0.0 0.0 0.0 0.0 0.0 0.0 0.0 0.0
0.0 0.0 0.0 0.0 0.0 0.0 0.0 0.0 0.0 0.0 0.0 0.0 0.0 0.0 0.0 0.0
0.18845 0.18473 0.24201 1.32467 0.44879 -0.1372 1.12027 -0.50976 1.672 0.33202 -0.6035 0.12397 -0.39319 -0.00245 0.40775 0.94334
1.66575 -2.01242 0.12331 0.0 0.0 0.0 0.0 0.0 0.0 0.0 0.0 0.0 0.0 0.0 0.0 0.0
0.0 0.0 0.0 0.0 0.0 0.0 0.0 0.0 0.0 0.0 0.0 0.0 0.0 0.0 0.0 0.0
0.20041 -1.01267 0.91473 0.97553 -0.19848 -0.21115 0.0841 -1.1885 1.06542 0.10093 -0.92824 -0.16303 -0.80723 -0.04403 0.36956 0.70979
-1.04383 -0.17756 1.15031 0.0 0.0 0.0 0.0 0.0 0.0 0.0 0.0 0.0 0.0 0.0 0.0 0.0
0.0 0.0 0.0 0.0 0.0 0.0 0.0 0.0 0.0 0.0 0.0 0.0 0.0 0.0 0.0 0.0
-0.07536 -0.09541 0.60866 0.08784 0.57539 -0.23918 2.25988 -1.26336 1.32822 0.79367 -0.65631 -1.04729 0.30614 -0.50715 1.13019 1.10571
-1.81552 1.23214 0.08032 0.0 0.0 0.0 0.0 0.0 0.0 0.0 0.0 0.0 0.0 0.0 0.0 0.0
0.0 0.0 0.0 0.0 0.0 0.0 0.0 0.0 0.0 0.0 0.0 0.0 0.0 0.0 0.0 0.0
-0.58933 -0.39592 -0.30449 -0.73783 0.52939 -0.3943 1.35684 -0.62688 -1.32299 1.48676 0.52504 0.77815 -1.26884 -0.33909 1.43417 -0.23472
-1.94329 1.07933 -0.10724 0.0 0.0 0.0 0.0 0.0 0.0 0.0 0.0 0.0 0.0 0.0 0.0 0.0
0.0 0.0 0.0 0.0 0.0 0.0 0.0 0.0 0.0 0.0 0.0 0.0 0.0 0.0 0.0 0.0
1.87763 0.12774 0.88714 0.95413 -0.12939 -0.13478 -2.40476 1.49803 -0.32841 0.71104 -0.77655 0.02225 0.08175 -0.0784 0.48454 -0.73366
1.18952 -1.38491 -1.53182 0.0 0.0 0.0 0.0 0.0 0.0 0.0 0.0 0.0 0.0 0.0 0.0 0.0
0.0 0.0 0.0 0.0 0.0 0.0 0.0 0.0 0.0 0.0 0.0 0.0 0.0 0.0 0.0 0.0
-0.16096 -0.87059 0.56105 0.9571 -0.24332 -0.14664 -0.89329 0.05763 0.6751 0.34625 -1.33295 -0.40806 0.07644 -0.30848 0.34656 0.60945
0.22071 -0.27652 -0.2558 0.0 0.0 0.0 0.0 0.0 0.0 0.0 0.0 0.0 0.0 0.0 0.0 0.0
0.0 0.0 0.0 0.0 0.0 0.0 0.0 0.0 0.0 0.0 0.0 0.0 0.0 0.0 0.0 0.0
0.39967 1.01977 -0.2166 0.7416 -0.8382 -0.54616 -0.74567 1.11055 -1.49922 0.74467 -0.27778 -0.45284 0.82569 -0.56552 0.20115 -0.89783
-1.09029 -0.15407 1.29275 0.0 0.0 0.0 0.0 0.0 0.0 0.0 0.0 0.0 0.0 0.0 0.0 0.0
0.0 0.0 0.0 0.0 0.0 0.0 0.0 0.0 0.0 0.0 0.0 0.0 0.0 0.0 0.0 0.0
-0.45994 0.94551 -2.02338 0.24718 0.69919 0.03112 0.62043 -0.00959 -0.19921 -0.30323 0.6661 0.539 0.82319 -0.29744 -0.48916 -0.24016
1.69792 -1.33138 0.85061 0.0 0.0 0.0 0.0 0.0 0.0 0.0 0.0 0.0 0.0 0.0 0.0 0.0
-0.50345 -0.35043 0.99054 0.5967 0.62514 -0.43073 -0.79785 1.18588 0.47996 0.77542 -0.30995 -0.59397 0.51574 0.17451 0.00643 0.7585
0.65799 -0.30229 0.33791 0.16191 0.09364 0.0 -0.2472 0.08739 0.54915 -0.61372 0.44957 0.31204 0.31752 -0.05347 -0.5221 0.12916
-0.02928 0.37907 -0.19345 0.0 0.0 0.0 0.0 0.0 0.0 0.0 0.0 0.0 0.0 0.0 0.0 0.0
