3.81129 -0.84873 0.86915 0.87835 -0.89325 2.79709 3.10155 1.37806 3.03657 2.22388 0.56753 3.19288 1.42719 2.14613 -3.64187 -0.86829
-1.3742 -0.48014 -0.51016 -2.12422 1.4255 -0.93343 0.59962 0.56075 -1.17487 1.97486 2.39484 1.87215 -0.21882 -0.38699 0.84398 -1.06942
-0.00336 0.54371 -1.20506 0.0 0.0 0.0 0.0 0.0 0.0 0.0 0.0 0.0 0.0 0.0 0.0 0.0
-0.02946 2.04175 0.05684 -0.52572 -0.51263 -1.88739 -4.75964 -0.86598 -0.87403 0.40616 3.7906 2.06138 3.4914 0.70266 0.8559 -0.86815
-0.34997 0.31358 0.42943 -0.5819 -0.49798 1.6374 1.63957 -2.64669 0.03788 0.38898 -0.77004 -0.81537 -0.41033 0.04218 2.19137 0.72342
1.74474 -1.71263 -0.92986 0.0 0.0 0.0 0.0 0.0 0.0 0.0 0.0 0.0 0.0 0.0 0.0 0.0
0.0 0.0 0.0 0.0 0.0 0.0 0.0 0.0 0.0 0.0 0.0 0.0 0.0 0.0 0.0 0.0
0.97867 -0.70941 0.12947 -0.1173 0.381 -0.0097 0.48029 -0.20698 0.51239 -0.71182 2.00835 0.38085 -1.12479 -1.05136 -1.89439 0.72529
1.45708 -1.32243 0.36568 0.0 0.0 0.0 0.0 0.0 0.0 0.0 0.0 0.0 0.0 0.0 0.0 0.0
0.0 0.0 0.0 0.0 0.0 0.0 0.0 0.0 0.0 0.0 0.0 0.0 0.0 0.0 0.0 0.0
-0.70793 -1.40441 0.00899 -0.46478 0.14134 -0.05352 0.44292 0.21892 0.80525 -0.01816 1.69503 1.06665 -0.27716 0.25005 -1.65593 0.45925
1.95184 -0.92493 -0.49216 0.0 0.0 0.0 0.0 0.0 0.0 0.0 0.0 0.0 0.0 0.0 0.0 0.0
0.0 0.0 0.0 0.0 0.0 0.0 0.0 0.0 0.0 0.0 0.0 0.0 0.0 0.0 0.0 0.0
0.84387 1.25713 -0.71925 0.33861 0.45594 0.4691 0.43507 0.76009 -1.71002 -2.09149 0.42815 0.4194 1.26335 0.14422 -0.39185 -0.62598
-1.62227 0.56363 -0.09441 0.0 0.0 0.0 0.0 0.0 0.0 0.0 0.0 0.0 0.0 0.0 0.0 0.0
0.0 0.0 0.0 0.0 0.0 0.0 0.0 0.0 0.0 0.0 0.0 0.0 0.0 0.0 0.0 0.0
0.32631 -1.56024 -1.23396 -2.43825 1.70932 -0.07765 -0.22045 1.24198 -2.86578 0.26215 2.58491 1.44951 -0.92653 0.07966 1.25298 -1.67651
0.62108 -3.18124 0.41154 0.0 0.0 0.0 0.0 0.0 0.0 0.0 0.0 0.0 0.0 0.0 0.0 0.0
0.0 0.0 0.0 0.0 0.0 0.0 0.0 0.0 0.0 0.0 0.0 0.0 0.0 0.0 0.0 0.0
1.2798 -0.24738 -1.15352 -2.48017 1.5428 -0.62598 -2.35821 2.71873 -2.89177 -0.57856 1.96872 1.71374 -0.11865 -0.19193 0.14934 -2.09404
-0.559 -1.96593 2.40073 0.0 0.0 0.0 0.0 0.0 0.0 0.0 0.0 0.0 0.0 0.0 0.0 0.0
0.0 0.0 0.0 0.0 0.0 0.0 0.0 0.0 0.0 0.0 0.0 0.0 0.0 0.0 0.0 0.0
0.3788 -2.4424 0.2847 -0.14961 1.31414 -0.52232 -0.0681 -0.36899 1.31096 -0.43329 1.72943 1.57825 -2.48381 -0.10859 -1.51523 0.52685
0.163 1.83957 -1.65405 0.0 0.0 0.0 0.0 0.0 0.0 0.0 0.0 0.0 0.0 0.0 0.0 0.0
0.0 0.0 0.0 0.0 0.0 0.0 0.0 0.0 0.0 0.0 0.0 0.0 0.0 0.0 0.0 0.0
0.25219 -0.4038 0.59429 1.1207 0.22563 -0.81765 0.71404 -0.25374 1.34643 0.74325 -0.25931 0.46402 -0.98197 -0.00245 0.11612 0.62708
1.87797 -1.88278 -0.05255 0.0 0.0 0.0 0.0 0.0 0.0 0.0 0.0 0.0 0.0 0.0 0.0 0.0
0.0 0.0 0.0 0.0 0.0 0.0 0.0 0.0 0.0 0.0 0.0 0.0 0.0 0.0 0.0 0.0
0.04781 -1.56812 1.0023 1.01902 -0.55921 0.00074 -0.22923 -1.36628 0.89125 0.43789 -0.69827 0.02499 -1.51257 -0.04403 -0.14479 0.55884
-1.44586 0.11867 1.69888 0.0 0.0 0.0 0.0 0.0 0.0 0.0 0.0 0.0 0.0 0.0 0.0 0.0
0.0 0.0 0.0 0.0 0.0 0.0 0.0 0.0 0.0 0.0 0.0 0.0 0.0 0.0 0.0 0.0
-0.18364 0.38545 0.77412 0.33274 0.43442 0.75896 1.93332 -1.42844 1.20421 1.09881 -1.03001 -1.22683 0.34571 -0.50715 1.4492 0.90108
-1.93897 1.48761 -0.12869 0.0 0.0 0.0 0.0 0.0 0.0 0.0 0.0 0.0 0.0 0.0 0.0 0.0
0.0 0.0 0.0 0.0 0.0 0.0 0.0 0.0 0.0 0.0 0.0 0.0 0.0 0.0 0.0 0.0
-1.453 -1.20389 -0.95603 -1.3462 1.17699 -1.90188 1.78828 -1.13744 -2.11289 2.42333 1.28464 1.56692 -2.40842 -0.33909 1.84654 -0.27746
-2.28118 1.40279 -0.33615 0.0 0.0 0.0 0.0 0.0 0.0 0.0 0.0 0.0 0.0 0.0 0.0 0.0
0.0 0.0 0.0 0.0 0.0 0.0 0.0 0.0 0.0 0.0 0.0 0.0 0.0 0.0 0.0 0.0
1.63409 -0.01173 1.0118 1.09047 -0.32431 0.37113 -2.83676 1.14969 -0.48874 1.0745 -0.59295 0.07381 -0.29762 -0.0784 0.42 -0.85524
1.43678 -1.62541 -1.7487 0.0 0.0 0.0 0.0 0.0 0.0 0.0 0.0 0.0 0.0 0.0 0.0 0.0
0.0 0.0 0.0 0.0 0.0 0.0 0.0 0.0 0.0 0.0 0.0 0.0 0.0 0.0 0.0 0.0
-0.32007 -0.98061 0.62594 0.67274 -0.272 -0.64905 -1.17233 0.03446 0.41785 1.09802 -1.10055 -0.14692 -0.04447 -0.30848 0.06157 0.43479
0.22071 -0.27652 -0.2558 0.0 0.0 0.0 0.0 0.0 0.0 0.0 0.0 0.0 0.0 0.0 0.0 0.0
0.0 0.0 0.0 0.0 0.0 0.0 0.0 0.0 0.0 0.0 0.0 0.0 0.0 0.0 0.0 0.0
-0.17974 1.12825 0.00925 0.86423 -0.9742 0.01867 -0.39479 0.71826 -1.74222 1.16248 -0.43659 -0.63117 0.94641 -0.56552 0.69816 -0.81766
-0.80975 -0.16206 1.0226 0.0 0.0 0.0 0.0 0.0 0.0 0.0 0.0 0.0 0.0 0.0 0.0 0.0
0.0 0.0 0.0 0.0 0.0 0.0 0.0 0.0 0.0 0.0 0.0 0.0 0.0 0.0 0.0 0.0
-0.49478 1.05936 -1.20429 0.43023 0.28992 -0.57229 0.41548 0.0541 -0.35482 -0.52314 0.825 0.69146 0.93811 -0.29744 -0.50564 -0.39752
1.99308 -1.12329 0.58084 0.0 0.0 0.0 0.0 0.0 0.0 0.0 0.0 0.0 0.0 0.0 0.0 0.0
-0.45585 -0.55306 0.61002 0.38554 0.40766 -0.45286 -0.72943 1.64903 0.41468 0.70405 -0.40747 -1.05842 0.47186 0.13575 -0.52715 0.33268
0.49701 -0.72663 0.75746 -0.05241 0.12315 0.0644 -0.57661 -0.01964 0.45621 -0.77673 0.95521 0.67292 -0.13234 -0.05347 -0.96663 0.02875
-0.16449 0.60867 -0.31204 0.0 0.0 0.0 0.0 0.0 0.0 0.0 0.0 0.0 0.0 0.0 0.0 0.0
