0.999732288264464 0.000000332182628 0.000236560318332 0.000000071415881 0.000000628009073 0.000001089946602 0.00002298209428 0.000004397953501 0.000000713729569 0.00000093608567
0.000119600083081 0.998843485099558 0.000086258508194 0.000003569195096 0.00049221364422 0.00000354247023 0.000019550418535 0.000350967881754 0.000080449385861 0.00000036331347
0.000030506046366 0.000011067704916 0.999917204751836 0.0000000451895 0.000000000486349 0.000000018911135 0.000015818507194 0.000000000003161 0.000025338216756 0.000000000182786
0.000001786050885 0.000000195845037 0.000801438713643 0.570695270929469 0.000022413095433 0.335347709152143 0.000000696622578 0.000017322464149 0.093056816685624 0.00005635044104
0.000000763433953 0.000000222743665 0.000000097439641 0.000000472425282 0.999941101278488 0.000000022591816 0.000001092996591 0.000015039655352 0.000000557086641 0.000040630348572
0.000179919874241 0.000000000040964 0.000001596388583 0.000000118683073 0.000000056399022 0.992072487206301 0.007606212788636 0.000000022199444 0.000123406624822 0.000016179794915
0.000106890470236 0.000000012718314 0.000000019508901 0.000000035019278 0.000000003497435 0.000000129823405 0.999892416941687 0.000000000012084 0.000000491563585 0.000000000445075
0.000000035799202 0.000000006175918 0.000000511907486 0.000007557172273 0.000000000911275 0.000000000764586 0.000000000001821 0.999991451523388 0.000000244433008 0.000000191311043
0.000000069246669 0.000000000002051 0.000155527428977 0.000004171608406 0.000000001466749 0.000086531166597 0.000000047130179 0.000000016106311 0.999752552679983 0.000001083164078
0.000000020014799 0.000083363779343 0.000011017804302 0.000134852657505 0.033246962129928 0.003341521136242 0.00000023401583 0.000003509833421 0.036566961814294 0.926611556814336
